88
26 69 86
85
21 41
56
2 47 49
5 24 71
16 35 68
16 63 86
77
27 88
2 55 68
17
39
69
82
9 45 60
10 17
26
10 47 81
19 68
47 48
50
44 61
43
84
58
17 36 57
12 63 77
23 43
12 76
87
49
39
52
59
10 68 76
4 17 86
6 18
47 57
9 38 56 71
54 59
80
54
77 86
26 66
45
33
16 22 30
25 49
55
75 77
2 25 35 58
37 47 50
23 40 49
68
69
41
39 43 44 76
4 23 57 79
17 18 30 53
65
22
24 47
10
23 51
80 88
84 86
19 51 77
3 10 18
74
7 22 24
40
68 69
33 42
33 57 58 80
27 41 72
8 10 25
9
16 56
58
54
9 27 59
38 86
21 28
25
30 61
3
64